q,R
3.559092753359376863e-03,2.088030222999201144e-02
4.270911244402359960e-03,2.725281864628049944e-02
4.270911244402359960e-03,2.956686330904360199e-02
4.270911244402359960e-03,3.191370990738626179e-02
4.982729702920496093e-03,3.978993437486152973e-02
5.694548123492973457e-03,4.851800275306868832e-02
5.694548123492973457e-03,5.149794012050764452e-02
5.694548123492973457e-03,5.453599307485160197e-02
6.406366500698989358e-03,6.480055945884727331e-02
7.118184829117732426e-03,7.573728067210359904e-02
7.118184829117732426e-03,7.938558918643109918e-02
7.118184829117732426e-03,8.316371838401168115e-02
7.830003103328398231e-03,9.562520499058252410e-02
8.541821317910180608e-03,1.088401095173799349e-01
8.541821317910180608e-03,1.135410024452873090e-01
8.541821317910180608e-03,1.180180295461473461e-01
9.253639467442275127e-03,1.327076170790735254e-01
9.965457546503875622e-03,1.479736667564708896e-01
9.965457546503875622e-03,1.532275733185566313e-01
9.965457546503875622e-03,1.585806998447753524e-01
1.067727554967417419e-02,1.753813195917896250e-01
1.138909347153237335e-02,1.921361338253613493e-01
1.138909347153237335e-02,1.985448467534996486e-01
1.138909347153237335e-02,2.039385163501608034e-01
1.210091130665766346e-02,2.225848773520673896e-01
1.281272904962924356e-02,2.425224257664068128e-01
1.281272904962924356e-02,2.487827486234833740e-01
1.281272904962924356e-02,2.547972564755853764e-01
1.352454669502630921e-02,2.764824499411814296e-01
1.423636423742806814e-02,2.974229906095489095e-01
1.423636423742806814e-02,3.042901546728571383e-01
1.423636423742806814e-02,3.111983880251988910e-01
1.494818167141370897e-02,3.337251293037948319e-01
1.565999899156244116e-02,3.566743929410841618e-01
1.565999899156244116e-02,3.637753690777198456e-01
1.565999899156244116e-02,3.715828490445331478e-01
1.637181619245345679e-02,3.951313649957293728e-01
1.708363326866596185e-02,4.199923720355173695e-01
1.708363326866596185e-02,4.271149065894370711e-01
1.708363326866596185e-02,4.347847954524615699e-01
1.779545021477916752e-02,4.613110696786877907e-01
1.850726702537226764e-02,4.865868257180691603e-01
1.850726702537226764e-02,4.952921781853814598e-01
1.850726702537226764e-02,5.034703018707481492e-01
1.921908369502446645e-02,5.301993212637106101e-01
1.993090021831497166e-02,5.561753422812582004e-01
1.993090021831497166e-02,5.654192116280815084e-01
1.993090021831497166e-02,5.737136821169148693e-01
2.064271658982299446e-02,6.024663951561887165e-01
2.135453280412773561e-02,6.301519135964949170e-01
2.135453280412773561e-02,6.380669613181526589e-01
2.135453280412773561e-02,6.457737298009276206e-01
2.206634885580841671e-02,6.749418744860266051e-01
2.277816473944424547e-02,7.035607477506320429e-01
2.277816473944424547e-02,7.109246470533649997e-01
2.277816473944424547e-02,7.199556067364630829e-01
2.348998044961442613e-02,7.500913008744298782e-01
2.420179598089816989e-02,7.792867352385102198e-01
2.420179598089816989e-02,7.869998473950038376e-01
2.420179598089816989e-02,7.957139422230484760e-01
2.491361132787469831e-02,8.253974988101763222e-01
2.562542648512322954e-02,8.541121804413400742e-01
2.562542648512322954e-02,8.618113318319432503e-01
2.562542648512322954e-02,8.686152220566054627e-01
2.633724144722298516e-02,8.983641417450500821e-01
2.704905620875316247e-02,9.239454577391346124e-01
2.704905620875316247e-02,9.304886921771705621e-01
2.704905620875316247e-02,9.337546794145276108e-01
2.776087076429300735e-02,9.578899057857246380e-01
2.847268510842173098e-02,9.810831105477242353e-01
2.847268510842173098e-02,9.805332538849514945e-01
2.847268510842173098e-02,9.770465391373199804e-01
2.918449923571855495e-02,9.929160323491654783e-01
2.989631314076271126e-02,1.000000000000000000e+00
2.989631314076271126e-02,9.650855039828025728e-01
2.989631314076271126e-02,9.007110735355832176e-01
3.060812681813342498e-02,8.208133368555412535e-01
3.131994026240991769e-02,7.088024492264396459e-01
3.131994026240991769e-02,5.638686337876245291e-01
3.131994026240991769e-02,4.324162314242762095e-01
3.203175346817143526e-02,3.415091378264009658e-01
3.274356642999719930e-02,2.820596102851985476e-01
3.274356642999719930e-02,2.365194419753262056e-01
3.274356642999719930e-02,2.046780739173643948e-01
3.345537914246643485e-02,1.852223821291725248e-01
3.416719160015839474e-02,1.704973054790570042e-01
3.416719160015839474e-02,1.563233646230759721e-01
3.416719160015839474e-02,1.440450831235844109e-01
3.487900379765230402e-02,1.364237813006833333e-01
3.559081572952742245e-02,1.306624872598902420e-01
3.559081572952742245e-02,1.233954243677267693e-01
3.559081572952742245e-02,1.234147945943088048e-01
3.630262739036296815e-02,1.126798687677453004e-01
3.701443877473821475e-02,1.040013372962775434e-01
3.772624987723237344e-02,9.630096329517061349e-02
3.843806069242471785e-02,8.937745944552308308e-02
3.914987121489448690e-02,8.268020182420386666e-02
3.986168143922094037e-02,7.630971077032382144e-02
4.057349135998331718e-02,7.017644637735943880e-02
4.128530097176091179e-02,6.452836643453158105e-02
4.199711026913294232e-02,5.875981490985952155e-02
4.270891924667869627e-02,5.328626874315457035e-02
4.342072789897742646e-02,4.832973087858728062e-02
4.413253622060840653e-02,4.341411718267023517e-02
4.484434420615090316e-02,3.898536061065461383e-02
4.555615185018419694e-02,3.477220911063925307e-02
4.626795914728754761e-02,3.104399485335020484e-02
4.697976609204024268e-02,2.747652161969574292e-02
4.769157267902155578e-02,2.427232238518980956e-02
4.840337890281078137e-02,2.137277601308591735e-02
4.911518475798718614e-02,1.884247484601544662e-02
4.982699023913007147e-02,1.651983092919294752e-02
5.053879534081873182e-02,1.451274870194038322e-02
5.125060005763245469e-02,1.271984312922725541e-02
5.196240438415054147e-02,1.121258003595508763e-02
5.267420831495229355e-02,9.912995470878142867e-03
5.338601184461699845e-02,8.783466250340066575e-03
5.409781496772397835e-02,7.867455774721572245e-03
5.480961767885254854e-02,7.084713816987435464e-03
5.552141997258199652e-02,6.422381982038220284e-03
5.623322184349165836e-02,5.896436468541144810e-03
5.694502328616085629e-02,5.459686668362272698e-03
5.765682429516889862e-02,5.123310559168922813e-03
5.836862486509508674e-02,4.841548151571816068e-03
5.908042499051881918e-02,4.643210855720230831e-03
5.979222466601936264e-02,4.465119379737440310e-03
6.050402388617608790e-02,4.312282715120282182e-03
6.121582264556831021e-02,4.219151534826857258e-03
6.192762093877540730e-02,4.120735868473120178e-03
6.263941876037666667e-02,4.026708881533945170e-03
6.335121610495150768e-02,3.947882061947695885e-03
6.406301296707923865e-02,3.879589085670386711e-03
6.477480934133920953e-02,3.797179386176161280e-03
6.548660522231079806e-02,3.725538666312522545e-03
6.619840060457339581e-02,3.642820196829728904e-03
6.691019548270633888e-02,3.554177452035415120e-03
6.762198985128899109e-02,3.458053001408333948e-03
6.833378370490073017e-02,3.352435090632513610e-03
6.904557703812098934e-02,3.243095940926013845e-03
6.975736984552906306e-02,3.143436934328313823e-03
7.046916212170442617e-02,3.025633168179598081e-03
7.118095386122641477e-02,2.900853325835307632e-03
7.189274505867444820e-02,2.784048900999262083e-03
7.260453570862790418e-02,2.653102423174897098e-03
7.331632580566620205e-02,2.545343301509955282e-03
7.402811534436877505e-02,2.421516698682166669e-03
7.473990431931498701e-02,2.292643902966208774e-03
7.545169272508428504e-02,2.166836562382403342e-03
7.616348055625608848e-02,2.051093455553128133e-03
7.687526780740981669e-02,1.940018915425896929e-03
7.758705447312490289e-02,1.832745998086493001e-03
7.829884054798079418e-02,1.720101943045839474e-03
7.901062602655690992e-02,1.633743976041108614e-03
7.972241090343268333e-02,1.524208130543942179e-03
8.043419517318756151e-02,1.436694885525469003e-03
8.114597883040104709e-02,1.344508294852741733e-03
8.185776186965255941e-02,1.258421506895765398e-03
8.256954428552158720e-02,1.180235172593486342e-03
8.328132607258756370e-02,1.104693622406231063e-03
8.399310722542994989e-02,1.030216032297948635e-03
8.470488773862829002e-02,9.687763688601289331e-04
8.541666760676196180e-02,9.108175207033989817e-04
8.612844682441056499e-02,8.486081651762123791e-04
8.684022538615351894e-02,7.989038734561981075e-04
